0:0,111480,113880,116160,169080,195660,200280,229140,254100,283140,286500,315900,340860
1:0,113820,165120,198600,250920,285180,306600,329280,337200
2:0,110700,116220,140160,169200,197520,202500,228120,255660,284160,342060
3:0,110700,113280,142620,166320,197280,255900,282660,285120,287520,341400
4:0,110220,169380,196680,202200,227220,254880,283140,288240,314400,341340
5:0,108180,110220,112080,115860,141840,168540,193920,196980,198540,202560,227760,254580,280800,283860,285840,288420,313620,339960
6:0,113160,138480,153300,164040,199080,250440,285420,337320
7:0,111840,115020,144720,168780,198900,201540,231000,255480,285300,286920,317280,341580
8:0,113700,169320,195960,198540,228360,253680,281880,284940,315060,339240
9:0,109680,114720,136920,167700,195120,201780,224580,252960,282600,287880,309960,340080
10:0,111480,115560,138360,170040,197700,202020,225900,256500,284580,289200,312660,343260
11:0,113820,161520,199680,245580,247080,253320,286680,333240
12:0,111000,115440,138300,168600,196500,201120,225000,255000,282660,288240,310680,340680
13:0,109380,165660,197820,252000,283080,331980,333900,337200,338040,339360
14:0,110280,163080,198120,249180,284880,335820
15:0,111900,116160,146040,168780,198600,201480,233100,254160,284220,342120
16:0,112740,166320,198480,203160,210780,252000,283920,334320,338100,341220
17:0,112080,168660,197400,254820,284760,325920,329640,340980
18:0,113280,117240,127620,163620,199740,204840,213540,250740,284880,337140
19:0,112380,116160,116820,169860,199020,202380,203760,224580,228180,256140,282000,288900,314700,342360
0:0,108960,169140,195060,197700,198420,255120,281340,313020,316020,341520
1:0,112800,139320,158940,167160,199500,245760,251100,253380,287460,340140
2:0,110100,114000,114300,116160,137760,169200,196620,202860,224580,256860,282060,342960
3:0,112020,169260,197100,201060,230340,255060,283500,287760,316380,340680
4:0,108900,170160,195420,198060,199380,203580,224700,256680,282240,285480,285600,343080
5:0,110520,113760,114780,118260,144540,170340,196200,199980,201060,203640,231360,257700,288180,344580
6:0,115500,164400,199560,250920,286980,311640,316560,336660
7:0,112140,116040,146160,166740,198420,202740,232560,241860,247680,253140,285840,288600,318480,340320
8:0,107160,110340,140880,162600,204600,255180,280800,283080,313860,322800,327960,335760
9:0,108240,112260,136920,166560,194820,198900,222840,252360,280860,285120,310020,338700
10:0,112020,113700,116700,119400,144180,171540,197520,200580,202620,204780,230820,258840,283980,287520,289200,291420,317820,343680
11:0,112440,166020,199320,204000,231180,253080,286740,291480,297900,338820
12:0,109800,113040,114420,116520,137220,171120,196080,199500,203760,255480,282300,285480,288840,342720
13:0,112980,164340,200280,250800,287340,337380
14:0,113400,168660,199380,255120,286440,334140,339000,344760
15:0,113220,139980,146100,169620,194400,197400,199980,202200,229020,254760,281100,284100,286380,288480,314940,341340
16:0,112320,116580,141840,167040,198840,238680,245640,253020,284880,339660
17:0,111000,159840,196980,245760,283200,332760
18:0,111840,161640,198780,247920,285420,324120,329640,334200
19:0,108540,112380,113520,170220,195360,198840,199620,201960,202620,257340,282420,284340,286560,292860,309480,344400
